1,175
2,175
3,175
4,175
5,175
6,174
7,174
8,174
9,174
10,174
11,174
12,174
13,174
14,174
15,174
16,174
17,174
18,174
19,174
20,174
21,174
22,174
23,174
24,174
25,174
26,174
27,174
28,174
29,174
30,174
31,174
32,174
33,174
34,174
35,174
36,174
37,174
38,174
39,174
40,174
41,174
42,174
43,174
44,174
45,174
46,174
47,174
48,174
49,174
50,174
51,174
52,174
53,172
54,172
55,172
56,172
57,172
58,172
59,172
60,172
61,172
62,172
63,172
64,172
65,172
66,172
67,172
68,172
69,170
70,170
71,170
72,170
73,170
74,170
75,170
76,170
77,170
78,170
79,170
80,170
81,170
82,170
83,170
84,170
85,170
86,170
87,170
88,170
89,170
90,170
91,170
92,170
93,170
94,170
95,170
96,170
97,170
98,170
99,170
100,170
101,170
102,170
103,170
104,170
105,170
106,170
107,170
108,170
109,170
110,170
111,170
112,170
113,170
114,170
115,170
116,170
117,170
118,170
119,170
120,170
121,170
122,170
123,170
124,170
125,170
126,170
127,170
128,170
129,170
130,170
131,170
132,170
133,170
134,170
135,170
136,170
137,170
138,170
139,170
140,170
141,170
142,170
143,170
144,170
145,170
146,170
147,170
148,170
149,170
150,170
151,170
152,170
153,170
154,170
155,170
156,170
157,170
158,170
159,170
160,170
161,170
162,170
163,170
164,170
165,170
166,170
167,170
168,170
169,170
170,170
171,170
172,170
173,170
174,170
175,170
176,170
177,170
178,170
179,170
180,170
181,170
182,170
183,170
184,170
185,170
186,170
187,170
188,170
189,170
190,170
191,170
192,170
193,170
194,170
195,170
196,170
197,170
198,170
199,170
200,170
201,170
202,170
203,170
204,170
205,170
206,170
207,170
208,170
209,170
210,170
211,170
212,170
213,170
214,170
215,170
216,170
217,170
218,170
219,170
220,170
221,170
222,170
223,170
224,170
225,170
226,170
227,170
228,170
229,170
230,170
231,170
232,170
233,170
234,170
235,170
236,170
237,170
238,170
239,170
240,170
241,170
242,170
243,170
244,170
245,170
246,170
247,170
248,170
249,170
250,170
251,170
252,170
253,170
254,170
255,170
256,170
257,170
258,170
259,170
260,170
261,170
262,170
263,170
264,170
265,170
266,170
267,170
268,170
269,172
270,172
271,172
272,172
273,172
274,172
275,172
276,172
277,172
278,170
279,170
280,170
281,170
282,170
283,170
284,170
285,170
286,170
287,170
288,170
289,170
290,170
291,170
292,170
293,170
294,170
295,170
296,170
297,170
298,170
299,170
300,170
301,170
302,170
303,170
304,170
305,170
306,170
307,170
308,170
309,170
310,170
311,170
312,170
313,170
314,170
315,170
316,170
317,170
318,170
319,170
320,170
321,170
322,170
323,170
324,170
325,170
326,170
327,170
328,170
329,170
330,170
331,170
332,170
333,170
334,170
335,170
336,170
337,170
338,170
339,170
340,170
341,170
342,170
343,170
344,170
345,170
346,170
347,170
348,170
349,170
350,170
351,170
352,170
353,170
354,170
355,170
356,170
357,170
358,170
359,170
360,170
361,170
362,170
363,170
364,170
365,170
366,170
367,170
368,170
369,170
370,170
371,170
372,170
373,170
374,170
375,170
376,170
377,170
378,170
379,170
380,170
381,170
382,170
383,170
384,170
385,170
386,170
387,170
388,170
389,170
390,170
391,170
392,170
393,170
394,170
395,170
396,170
397,170
398,170
399,170
400,170
401,170
402,170
403,170
404,170
405,170
406,170
407,170
408,170
409,170
410,170
411,170
412,170
413,170
414,170
415,170
416,170
417,170
418,170
419,170
420,170
421,170
422,170
423,170
424,170
425,170
426,170
427,170
428,170
429,170
430,170
431,170
432,170
433,170
434,170
435,170
436,170
437,170
438,170
439,170
440,170
441,170
442,170
443,170
444,170
445,170
446,170
447,170
448,170
449,170
450,170
451,170
452,170
453,170
454,170
455,170
456,170
457,170
458,170
459,170
460,170
461,170
462,170
463,170
464,170
465,170
466,170
467,170
468,170
469,170
470,170
471,170
472,170
473,170
474,170
475,170
476,170
477,170
478,170
479,170
480,170
481,170
482,170
483,170
484,170
485,170
486,170
487,170
488,170
489,170
490,170
491,170
492,170
493,170
494,170
495,170
496,170
497,170
498,170
499,170
500,170
501,170
502,170
503,170
504,170
505,170
506,170
507,170
508,170
509,170
510,170
511,170
512,170
513,170
514,170
515,170
516,170
517,170
518,170
519,170
520,170
521,170
522,170
523,170
524,170
525,170
526,170
527,170
528,170
529,170
530,170
531,170
532,170
533,170
534,170
535,170
536,170
537,170
538,170
539,170
540,170
541,170
542,170
543,170
544,170
545,170
546,170
547,170
548,170
549,170
550,170
551,170
552,170
553,170
554,170
555,170
556,170
557,170
558,170
559,170
560,170
561,170
562,170
563,170
564,170
565,170
566,170
567,170
568,170
569,170
570,170
571,170
572,170
573,170
574,170
575,170
576,170
577,170
578,170
579,170
580,170
581,170
582,170
583,170
584,170
585,170
586,170
587,170
588,170
589,170
590,170
591,170
592,170
593,170
594,170
595,170
596,170
597,170
598,170
599,170
600,170
601,170
602,170
603,170
604,170
605,170
606,170
607,170
608,170
609,170
610,170
611,170
612,170
613,170
614,170
615,170
616,170
617,170
618,170
619,170
620,170
621,170
622,170
623,170
624,170
625,170
626,170
627,170
628,170
629,170
630,170
631,170
632,170
633,170
634,170
635,170
636,170
637,170
638,170
639,170
640,170
641,170
642,170
643,170
644,170
645,170
646,170
647,170
648,170
649,170
650,170
651,170
652,170
653,170
654,170
655,170
656,170
657,170
658,170
659,170
660,170
661,170
662,170
663,170
664,170
665,170
666,170
667,170
668,170
669,170
670,170
671,170
672,170
673,170
674,170
675,170
676,170
677,170
678,176
679,176
680,176
681,176
682,175
683,175
684,175
685,175
686,171
687,171
688,171
689,171
690,171
691,171
692,169
693,169
694,169
695,169
696,169
697,169
698,169
699,169
700,169
701,169
702,169
703,169
704,169
705,169
706,169
707,169
708,169
709,169
710,169
711,169
712,169
713,169
714,169
715,169
716,169
717,169
718,169
719,169
720,169
721,169
722,169
723,169
724,169
725,169
726,169
727,169
728,169
729,169
730,169
731,169
732,169
733,169
734,169
735,169
736,169
737,169
738,169
739,169
740,169
741,169
742,169
743,169
744,169
745,169
746,169
747,169
748,169
749,169
750,169
751,169
752,169
753,169
754,169
755,169
756,169
757,169
758,169
759,169
760,169
761,169
762,169
763,169
764,169
765,169
766,169
767,169
768,169
769,169
770,169
771,169
772,169
773,169
774,169
775,169
776,169
777,169
778,169
779,169
780,169
781,169
782,169
783,169
784,169
785,169
786,169
787,169
788,169
789,169
790,169
791,169
792,169
793,169
794,169
795,169
796,169
797,169
798,169
799,169
800,169
801,169
802,169
803,169
804,169
805,169
806,169
807,169
808,169
809,169
810,169
811,169
812,169
813,169
814,169
815,169
816,169
817,169
818,169
819,169
820,169
821,169
822,169
823,169
824,169
825,169
826,169
827,169
828,169
829,169
830,169
831,169
832,169
833,169
834,169
835,169
836,169
837,169
838,169
839,169
840,169
841,169
842,169
843,169
844,169
845,169
846,169
847,169
848,169
849,169
850,169
851,169
852,169
853,169
854,169
855,169
856,169
857,169
858,169
859,169
860,169
861,169
862,169
863,169
864,169
865,169
866,169
867,169
868,169
869,169
870,169
871,169
872,169
873,169
874,169
875,169
876,169
877,169
878,169
879,169
880,169
881,169
882,169
883,169
884,169
885,169
886,169
887,169
888,169
889,169
890,169
891,169
892,182
893,182
894,182
895,181
896,174
897,174
898,174
899,174
900,174
901,174
902,174
903,174
904,174
905,174
906,174
907,174
908,174
909,174
910,174
911,174
912,174
913,174
914,174
915,174
916,174
917,172
918,172
919,172
920,172
921,172
922,172
923,172
924,172
925,172
926,172
927,172
928,172
929,172
930,172
931,172
932,172
933,172
934,172
935,172
936,172
937,172
938,172
939,172
940,172
941,172
942,172
943,172
944,172
945,172
946,172
947,172
948,172
949,172
950,172
951,172
952,172
953,172
954,172
955,172
956,172
957,172
958,172
959,172
960,172
961,172
962,172
963,172
964,172
965,172
966,172
967,172
968,172
969,172
970,172
971,172
972,172
973,172
974,172
975,172
976,172
977,172
978,172
979,172
980,172
981,172
982,165
983,165
984,165
985,165
986,165
987,165
988,165
989,165
990,165
991,165
992,165
993,165
994,165
995,165
996,165
997,165
998,165
999,165
1000,165
