1,779
2,779
3,776
4,776
5,776
6,776
7,776
8,776
9,776
10,776
11,776
12,776
13,776
14,776
15,776
16,776
17,776
18,773
19,773
20,773
21,764
22,760
23,760
24,760
25,760
26,760
27,760
28,760
29,760
30,760
31,760
32,760
33,760
34,760
35,760
36,760
37,757
38,757
39,757
40,757
41,756
42,756
43,756
44,756
45,756
46,756
47,756
48,756
49,756
50,756
51,756
52,756
53,756
54,756
55,756
56,756
57,756
58,756
59,756
60,756
61,756
62,756
63,756
64,756
65,756
66,756
67,756
68,756
69,756
70,756
71,756
72,756
73,756
74,756
75,756
76,756
77,756
78,756
79,756
80,756
81,756
82,756
83,756
84,756
85,756
86,756
87,756
88,756
89,756
90,756
91,756
92,756
93,756
94,756
95,756
96,756
97,756
98,756
99,756
100,756
101,756
102,756
103,756
104,756
105,756
106,756
107,756
108,756
109,756
110,756
111,756
112,756
113,756
114,756
115,756
116,756
117,756
118,756
119,756
120,756
121,756
122,756
123,756
124,756
125,756
126,756
127,756
128,756
129,756
130,756
131,756
132,756
133,756
134,756
135,756
136,756
137,756
138,756
139,756
140,756
141,756
142,756
143,756
144,756
145,756
146,756
147,756
148,756
149,756
150,756
151,756
152,756
153,756
154,756
155,756
156,756
157,756
158,756
159,756
160,756
161,756
162,756
163,756
164,756
165,756
166,756
167,755
168,755
169,755
170,755
171,755
172,755
173,755
174,755
175,755
176,755
177,755
178,755
179,755
180,755
181,755
182,755
183,755
184,755
185,755
186,755
187,755
188,755
189,755
190,755
191,755
192,755
193,755
194,755
195,755
196,755
197,755
198,755
199,755
200,755
201,755
202,755
203,755
204,755
205,755
206,755
207,755
208,755
209,755
210,755
211,755
212,755
213,755
214,755
215,755
216,755
217,755
218,755
219,755
220,755
221,755
222,755
223,755
224,755
225,755
226,755
227,755
228,755
229,755
230,755
231,755
232,755
233,755
234,755
235,755
236,755
237,755
238,755
239,755
240,755
241,755
242,755
243,755
244,755
245,755
246,755
247,755
248,755
249,755
250,755
251,755
252,755
253,755
254,755
255,755
256,755
257,755
258,755
259,755
260,755
261,755
262,755
263,755
264,755
265,755
266,755
267,755
268,755
269,755
270,755
271,755
272,755
273,755
274,755
275,755
276,755
277,755
278,755
279,755
280,755
281,755
282,755
283,755
284,755
285,755
286,755
287,755
288,755
289,755
290,755
291,755
292,755
293,755
294,755
295,755
296,755
297,755
298,755
299,755
300,755
301,755
302,755
303,755
304,755
305,755
306,755
307,755
308,755
309,755
310,755
311,755
312,755
313,755
314,755
315,755
316,755
317,755
318,755
319,755
320,755
321,755
322,755
323,755
324,755
325,755
326,755
327,755
328,755
329,755
330,755
331,755
332,755
333,755
334,755
335,755
336,755
337,755
338,755
339,755
340,755
341,755
342,755
343,755
344,755
345,755
346,755
347,755
348,755
349,755
350,755
351,755
352,755
353,755
354,755
355,755
356,755
357,755
358,755
359,755
360,755
361,755
362,755
363,755
364,755
365,755
366,755
367,755
368,755
369,755
370,755
371,755
372,755
373,755
374,755
375,755
376,755
377,755
378,755
379,755
380,755
381,755
382,755
383,755
384,755
385,755
386,755
387,755
388,755
389,755
390,755
391,755
392,755
393,755
394,755
395,755
396,755
397,755
398,755
399,755
400,755
401,755
402,755
403,755
404,755
405,755
406,755
407,755
408,755
409,755
410,755
411,755
412,755
413,755
414,755
415,755
416,755
417,755
418,755
419,755
420,755
421,755
422,755
423,755
424,755
425,755
426,755
427,755
428,755
429,755
430,755
431,755
432,755
433,755
434,755
435,755
436,755
437,755
438,755
439,755
440,755
441,755
442,755
443,755
444,755
445,755
446,755
447,755
448,755
449,755
450,755
451,755
452,755
453,755
454,755
455,755
456,755
457,755
458,755
459,755
460,755
461,755
462,755
463,755
464,755
465,755
466,755
467,755
468,755
469,755
470,755
471,755
472,755
473,755
474,755
475,755
476,755
477,755
478,755
479,755
480,755
481,755
482,755
483,755
484,755
485,755
486,755
487,755
488,755
489,755
490,755
491,755
492,755
493,755
494,755
495,755
496,755
497,755
498,755
499,755
500,755
501,755
502,755
503,755
504,755
505,755
506,755
507,755
508,755
509,755
510,755
511,755
512,755
513,755
514,755
515,755
516,755
517,755
518,755
519,755
520,755
521,755
522,755
523,755
524,755
525,755
526,755
527,755
528,755
529,755
530,755
531,755
532,755
533,755
534,755
535,755
536,755
537,755
538,755
539,755
540,755
541,755
542,755
543,755
544,755
545,755
546,755
547,755
548,755
549,755
550,755
551,755
552,755
553,755
554,755
555,755
556,755
557,755
558,755
559,755
560,755
561,755
562,755
563,755
564,755
565,755
566,755
567,755
568,755
569,755
570,755
571,755
572,755
573,755
574,755
575,755
576,755
577,755
578,755
579,755
580,755
581,755
582,755
583,755
584,755
585,755
586,755
587,755
588,755
589,755
590,755
591,755
592,755
593,755
594,755
595,755
596,755
597,755
598,755
599,755
600,755
601,755
602,755
603,755
604,755
605,755
606,755
607,755
608,755
609,755
610,755
611,755
612,755
613,755
614,755
615,755
616,755
617,755
618,755
619,755
620,755
621,755
622,755
623,755
624,755
625,755
626,755
627,755
628,755
629,755
630,755
631,755
632,755
633,755
634,755
635,755
636,755
637,755
638,755
639,755
640,755
641,755
642,755
643,755
644,755
645,755
646,755
647,755
648,755
649,755
650,755
651,755
652,755
653,755
654,755
655,755
656,755
657,755
658,755
659,755
660,755
661,755
662,755
663,755
664,755
665,755
666,755
667,755
668,755
669,755
670,755
671,755
672,755
673,755
674,755
675,755
676,755
677,755
678,755
679,755
680,755
681,755
682,755
683,755
684,755
685,755
686,755
687,755
688,755
689,755
690,755
691,755
692,755
693,755
694,755
695,755
696,755
697,755
698,755
699,755
700,755
701,755
702,755
703,755
704,755
705,755
706,755
707,755
708,755
709,755
710,755
711,755
712,755
713,755
714,755
715,755
716,755
717,755
718,755
719,755
720,755
721,755
722,755
723,755
724,755
725,755
726,755
727,755
728,755
729,755
730,755
731,755
732,755
733,755
734,755
735,755
736,755
737,755
738,755
739,755
740,755
741,755
742,755
743,755
744,755
745,755
746,755
747,755
748,755
749,755
750,755
751,755
752,755
753,755
754,755
755,755
756,755
757,755
758,755
759,755
760,755
761,755
762,755
763,755
764,755
765,755
766,755
767,755
768,755
769,777
770,777
771,777
772,755
773,755
774,755
775,755
776,755
777,755
778,755
779,755
780,755
781,755
782,755
783,755
784,755
785,755
786,755
787,755
788,755
789,755
790,755
791,755
792,755
793,755
794,755
795,755
796,755
797,755
798,755
799,755
800,755
801,755
802,755
803,755
804,755
805,755
806,755
807,755
808,755
809,755
810,755
811,755
812,755
813,755
814,755
815,755
816,755
817,755
818,755
819,755
820,755
821,755
822,755
823,755
824,755
825,755
826,755
827,755
828,755
829,755
830,755
831,755
832,755
833,755
834,755
835,755
836,755
837,755
838,755
839,755
840,755
841,755
842,755
843,755
844,755
845,755
846,755
847,755
848,755
849,755
850,755
851,755
852,755
853,755
854,755
855,755
856,755
857,755
858,755
859,755
860,755
861,755
862,755
863,755
864,755
865,755
866,755
867,755
868,755
869,755
870,755
871,755
872,755
873,755
874,755
875,755
876,755
877,755
878,755
879,755
880,755
881,755
882,755
883,755
884,755
885,755
886,755
887,755
888,755
889,755
890,755
891,755
892,755
893,755
894,755
895,755
896,755
897,755
898,755
899,755
900,755
901,755
902,755
903,755
904,755
905,755
906,755
907,755
908,755
909,755
910,755
911,755
912,755
913,755
914,755
915,755
916,755
917,755
918,755
919,755
920,755
921,755
922,755
923,755
924,755
925,755
926,755
927,755
928,755
929,755
930,755
931,755
932,755
933,755
934,755
935,755
936,755
937,755
938,755
939,755
940,755
941,755
942,755
943,755
944,755
945,755
946,755
947,755
948,755
949,755
950,755
951,755
952,755
953,755
954,755
955,755
956,755
957,755
958,755
959,755
960,755
961,755
962,755
963,755
964,755
965,755
966,755
967,755
968,755
969,755
970,755
971,755
972,755
973,755
974,755
975,755
976,755
977,755
978,755
979,755
980,755
981,755
982,755
983,755
984,755
985,755
986,755
987,755
988,755
989,755
990,755
991,755
992,755
993,755
994,755
995,755
996,755
997,755
998,755
999,755
1000,755
