1,779
2,779
3,779
4,779
5,779
6,779
7,779
8,779
9,779
10,779
11,776
12,776
13,776
14,776
15,775
16,775
17,775
18,775
19,774
20,774
21,774
22,774
23,774
24,774
25,774
26,773
27,773
28,773
29,773
30,773
31,773
32,773
33,773
34,773
35,772
36,772
37,772
38,772
39,772
40,772
41,772
42,772
43,771
44,771
45,771
46,767
47,767
48,767
49,767
50,767
51,767
52,767
53,767
54,767
55,767
56,767
57,767
58,767
59,767
60,767
61,767
62,767
63,767
64,766
65,766
66,766
67,766
68,766
69,766
70,766
71,766
72,766
73,766
74,766
75,766
76,766
77,766
78,763
79,763
80,763
81,763
82,763
83,763
84,763
85,763
86,763
87,763
88,763
89,763
90,763
91,763
92,763
93,763
94,763
95,763
96,763
97,763
98,759
99,759
100,759
101,759
102,759
103,759
104,759
105,759
106,759
107,759
108,759
109,759
110,759
111,759
112,759
113,759
114,759
115,759
116,759
117,759
118,759
119,759
120,759
121,759
122,759
123,759
124,759
125,759
126,759
127,759
128,759
129,759
130,759
131,759
132,759
133,759
134,759
135,759
136,759
137,759
138,759
139,759
140,759
141,759
142,759
143,759
144,759
145,759
146,759
147,759
148,759
149,759
150,759
151,759
152,759
153,759
154,759
155,759
156,759
157,759
158,759
159,759
160,759
161,759
162,759
163,759
164,759
165,759
166,759
167,759
168,759
169,759
170,759
171,759
172,759
173,759
174,759
175,759
176,759
177,759
178,759
179,759
180,759
181,759
182,759
183,759
184,759
185,759
186,759
187,759
188,759
189,759
190,759
191,759
192,759
193,759
194,759
195,759
196,759
197,759
198,759
199,759
200,759
201,759
202,759
203,759
204,759
205,759
206,759
207,759
208,759
209,759
210,759
211,759
212,759
213,759
214,759
215,759
216,759
217,759
218,759
219,759
220,759
221,759
222,759
223,759
224,759
225,759
226,759
227,759
228,759
229,759
230,759
231,759
232,759
233,759
234,759
235,759
236,759
237,759
238,759
239,759
240,759
241,759
242,759
243,759
244,759
245,759
246,759
247,759
248,759
249,759
250,759
251,759
252,759
253,759
254,759
255,759
256,759
257,759
258,759
259,759
260,759
261,759
262,759
263,759
264,759
265,759
266,759
267,759
268,759
269,759
270,759
271,759
272,759
273,759
274,759
275,759
276,759
277,759
278,759
279,759
280,759
281,759
282,759
283,759
284,759
285,759
286,759
287,759
288,759
289,759
290,759
291,759
292,759
293,759
294,759
295,759
296,759
297,759
298,759
299,762
300,762
301,762
302,762
303,759
304,759
305,759
306,759
307,759
308,759
309,759
310,759
311,759
312,759
313,759
314,759
315,759
316,759
317,759
318,759
319,759
320,759
321,759
322,759
323,759
324,759
325,759
326,759
327,759
328,759
329,759
330,758
331,758
332,758
333,758
334,758
335,758
336,758
337,758
338,758
339,758
340,758
341,758
342,758
343,758
344,758
345,758
346,758
347,758
348,758
349,758
350,758
351,758
352,758
353,758
354,758
355,758
356,758
357,758
358,758
359,758
360,758
361,758
362,758
363,758
364,758
365,758
366,758
367,758
368,758
369,758
370,758
371,758
372,758
373,758
374,758
375,758
376,758
377,758
378,758
379,758
380,758
381,758
382,758
383,758
384,758
385,758
386,758
387,758
388,758
389,758
390,758
391,758
392,758
393,758
394,758
395,758
396,758
397,758
398,758
399,758
400,758
401,758
402,758
403,758
404,758
405,758
406,758
407,758
408,758
409,758
410,758
411,758
412,758
413,758
414,758
415,758
416,758
417,758
418,758
419,758
420,758
421,758
422,758
423,758
424,758
425,758
426,758
427,758
428,758
429,758
430,758
431,758
432,758
433,758
434,758
435,758
436,758
437,758
438,758
439,758
440,758
441,758
442,758
443,758
444,758
445,758
446,758
447,758
448,758
449,758
450,758
451,758
452,758
453,758
454,758
455,758
456,758
457,758
458,758
459,758
460,758
461,758
462,758
463,758
464,758
465,758
466,758
467,758
468,758
469,758
470,758
471,758
472,758
473,758
474,758
475,758
476,758
477,758
478,758
479,758
480,758
481,758
482,758
483,758
484,758
485,758
486,758
487,758
488,758
489,758
490,758
491,758
492,758
493,758
494,758
495,758
496,758
497,758
498,758
499,758
500,758
501,758
502,758
503,758
504,758
505,758
506,758
507,758
508,758
509,758
510,758
511,758
512,758
513,758
514,758
515,758
516,758
517,758
518,758
519,758
520,758
521,758
522,758
523,758
524,758
525,758
526,758
527,758
528,758
529,758
530,758
531,764
532,764
533,764
534,764
535,764
536,764
537,764
538,764
539,764
540,764
541,764
542,764
543,764
544,764
545,764
546,763
547,763
548,763
549,763
550,763
551,763
552,763
553,763
554,763
555,763
556,763
557,763
558,763
559,763
560,763
561,763
562,763
563,763
564,763
565,763
566,763
567,763
568,763
569,763
570,763
571,763
572,763
573,763
574,763
575,763
576,763
577,763
578,763
579,763
580,763
581,763
582,763
583,763
584,763
585,763
586,763
587,763
588,763
589,763
590,763
591,763
592,763
593,763
594,763
595,763
596,763
597,763
598,763
599,763
600,763
601,763
602,763
603,763
604,763
605,763
606,763
607,763
608,763
609,763
610,763
611,763
612,763
613,763
614,763
615,763
616,763
617,763
618,763
619,763
620,763
621,763
622,763
623,763
624,763
625,763
626,763
627,763
628,763
629,763
630,763
631,763
632,763
633,763
634,763
635,763
636,763
637,763
638,763
639,763
640,763
641,763
642,763
643,763
644,763
645,763
646,763
647,763
648,763
649,763
650,763
651,763
652,763
653,763
654,763
655,763
656,763
657,763
658,763
659,763
660,763
661,763
662,763
663,763
664,763
665,763
666,763
667,763
668,763
669,763
670,763
671,763
672,763
673,763
674,763
675,763
676,763
677,763
678,763
679,763
680,763
681,763
682,763
683,763
684,763
685,763
686,763
687,763
688,763
689,763
690,763
691,763
692,763
693,763
694,763
695,763
696,763
697,763
698,763
699,763
700,763
701,763
702,763
703,763
704,763
705,763
706,763
707,763
708,763
709,763
710,763
711,763
712,763
713,763
714,763
715,763
716,763
717,763
718,763
719,763
720,763
721,763
722,763
723,763
724,763
725,763
726,763
727,763
728,763
729,763
730,763
731,763
732,760
733,760
734,760
735,760
736,760
737,760
738,760
739,760
740,760
741,760
742,760
743,760
744,760
745,760
746,760
747,760
748,760
749,760
750,760
751,760
752,760
753,760
754,760
755,760
756,760
757,760
758,760
759,760
760,760
761,760
762,760
763,760
764,760
765,760
766,760
767,760
768,760
769,760
770,760
771,760
772,760
773,760
774,760
775,760
776,760
777,760
778,760
779,760
780,760
781,760
782,760
783,760
784,760
785,760
786,760
787,760
788,760
789,760
790,760
791,760
792,760
793,760
794,760
795,760
796,760
797,760
798,760
799,760
800,760
801,760
802,760
803,760
804,760
805,760
806,760
807,760
808,760
809,760
810,760
811,760
812,760
813,760
814,760
815,760
816,760
817,760
818,760
819,760
820,760
821,760
822,760
823,760
824,760
825,760
826,760
827,760
828,760
829,760
830,760
831,760
832,760
833,760
834,760
835,760
836,760
837,760
838,760
839,760
840,760
841,760
842,760
843,760
844,760
845,760
846,760
847,760
848,760
849,760
850,760
851,760
852,760
853,760
854,760
855,760
856,760
857,760
858,760
859,760
860,760
861,760
862,760
863,760
864,760
865,760
866,760
867,760
868,760
869,760
870,760
871,760
872,760
873,760
874,760
875,760
876,760
877,760
878,760
879,760
880,760
881,760
882,760
883,760
884,760
885,760
886,760
887,760
888,760
889,760
890,760
891,760
892,760
893,760
894,760
895,760
896,760
897,760
898,760
899,760
900,760
901,760
902,760
903,760
904,760
905,760
906,760
907,760
908,760
909,760
910,760
911,760
912,760
913,760
914,760
915,760
916,760
917,760
918,760
919,760
920,760
921,760
922,760
923,760
924,760
925,760
926,760
927,760
928,760
929,760
930,760
931,760
932,760
933,760
934,760
935,760
936,760
937,760
938,760
939,760
940,760
941,760
942,760
943,760
944,760
945,760
946,760
947,760
948,760
949,760
950,760
951,760
952,760
953,760
954,760
955,760
956,760
957,760
958,760
959,760
960,760
961,760
962,760
963,760
964,760
965,760
966,760
967,760
968,760
969,760
970,760
971,760
972,760
973,760
974,760
975,760
976,760
977,760
978,760
979,760
980,760
981,760
982,760
983,760
984,760
985,760
986,760
987,760
988,760
989,760
990,760
991,760
992,760
993,760
994,760
995,760
996,760
997,760
998,760
999,760
1000,760
