1,779
2,779
3,779
4,779
5,779
6,778
7,778
8,778
9,778
10,778
11,778
12,778
13,775
14,775
15,775
16,775
17,771
18,771
19,771
20,771
21,771
22,771
23,771
24,771
25,771
26,771
27,768
28,768
29,768
30,768
31,768
32,768
33,768
34,768
35,768
36,768
37,768
38,768
39,768
40,768
41,768
42,768
43,768
44,766
45,766
46,766
47,766
48,766
49,766
50,765
51,765
52,765
53,765
54,765
55,759
56,759
57,759
58,759
59,759
60,759
61,759
62,759
63,759
64,759
65,759
66,759
67,759
68,759
69,759
70,759
71,759
72,759
73,759
74,759
75,759
76,759
77,759
78,759
79,759
80,759
81,759
82,759
83,759
84,759
85,759
86,759
87,759
88,759
89,759
90,759
91,759
92,759
93,759
94,759
95,759
96,759
97,759
98,759
99,759
100,759
101,759
102,759
103,756
104,756
105,756
106,756
107,756
108,756
109,756
110,756
111,756
112,756
113,756
114,756
115,756
116,756
117,756
118,756
119,756
120,756
121,756
122,756
123,756
124,756
125,756
126,756
127,756
128,756
129,756
130,756
131,756
132,756
133,756
134,756
135,756
136,756
137,756
138,756
139,756
140,756
141,756
142,756
143,756
144,756
145,756
146,756
147,756
148,756
149,756
150,756
151,756
152,756
153,756
154,756
155,756
156,756
157,756
158,756
159,756
160,756
161,756
162,756
163,756
164,756
165,756
166,756
167,756
168,756
169,756
170,755
171,755
172,755
173,755
174,755
175,755
176,755
177,755
178,755
179,755
180,755
181,755
182,755
183,755
184,755
185,755
186,755
187,755
188,755
189,755
190,755
191,755
192,755
193,755
194,755
195,755
196,755
197,755
198,755
199,755
200,755
201,755
202,755
203,755
204,755
205,755
206,755
207,755
208,755
209,755
210,755
211,755
212,755
213,755
214,755
215,755
216,755
217,755
218,755
219,755
220,755
221,755
222,755
223,755
224,755
225,755
226,755
227,755
228,755
229,755
230,755
231,755
232,755
233,755
234,755
235,755
236,755
237,755
238,755
239,755
240,755
241,755
242,755
243,755
244,755
245,755
246,755
247,755
248,755
249,755
250,755
251,755
252,755
253,755
254,755
255,755
256,755
257,755
258,755
259,755
260,755
261,755
262,755
263,755
264,755
265,755
266,755
267,755
268,755
269,755
270,755
271,755
272,755
273,755
274,755
275,755
276,755
277,755
278,755
279,755
280,755
281,755
282,755
283,755
284,755
285,755
286,755
287,755
288,755
289,755
290,755
291,755
292,755
293,755
294,755
295,755
296,755
297,755
298,755
299,755
300,755
301,755
302,755
303,755
304,755
305,755
306,755
307,755
308,755
309,755
310,755
311,755
312,755
313,755
314,755
315,755
316,755
317,755
318,755
319,755
320,755
321,755
322,755
323,755
324,755
325,755
326,755
327,755
328,755
329,755
330,755
331,755
332,755
333,755
334,755
335,755
336,755
337,755
338,755
339,755
340,755
341,755
342,755
343,755
344,755
345,755
346,755
347,755
348,755
349,755
350,755
351,755
352,755
353,755
354,755
355,755
356,755
357,755
358,755
359,755
360,755
361,755
362,755
363,755
364,755
365,755
366,755
367,755
368,755
369,755
370,755
371,786
372,786
373,786
374,786
375,786
376,786
377,786
378,786
379,786
380,786
381,786
382,786
383,786
384,786
385,786
386,786
387,786
388,786
389,786
390,786
391,786
392,786
393,786
394,786
395,786
396,786
397,786
398,786
399,786
400,786
401,786
402,786
403,786
404,786
405,785
406,785
407,783
408,783
409,783
410,783
411,783
412,783
413,783
414,783
415,783
416,783
417,783
418,783
419,783
420,783
421,783
422,783
423,783
424,783
425,783
426,783
427,783
428,783
429,783
430,783
431,783
432,783
433,783
434,783
435,783
436,783
437,783
438,783
439,783
440,783
441,783
442,779
443,779
444,779
445,779
446,779
447,779
448,779
449,772
450,772
451,772
452,772
453,772
454,772
455,772
456,772
457,772
458,756
459,756
460,756
461,756
462,756
463,756
464,756
465,756
466,756
467,756
468,756
469,756
470,756
471,756
472,756
473,756
474,756
475,756
476,756
477,756
478,756
479,756
480,756
481,756
482,756
483,756
484,756
485,756
486,756
487,756
488,756
489,756
490,756
491,756
492,756
493,756
494,756
495,756
496,756
497,756
498,756
499,756
500,756
501,756
502,756
503,756
504,756
505,756
506,756
507,756
508,756
509,756
510,756
511,756
512,756
513,756
514,756
515,756
516,756
517,756
518,756
519,756
520,756
521,756
522,756
523,756
524,756
525,756
526,756
527,756
528,756
529,756
530,756
531,756
532,756
533,756
534,756
535,756
536,756
537,756
538,756
539,756
540,756
541,756
542,756
543,756
544,756
545,756
546,756
547,756
548,756
549,756
550,756
551,756
552,756
553,756
554,756
555,756
556,756
557,756
558,756
559,756
560,756
561,756
562,756
563,756
564,756
565,756
566,756
567,756
568,756
569,756
570,756
571,756
572,756
573,756
574,756
575,756
576,756
577,756
578,756
579,756
580,756
581,756
582,756
583,756
584,756
585,756
586,756
587,756
588,756
589,756
590,756
591,756
592,756
593,756
594,756
595,756
596,756
597,756
598,756
599,756
600,756
601,756
602,756
603,756
604,756
605,756
606,756
607,756
608,756
609,756
610,756
611,756
612,756
613,756
614,756
615,756
616,756
617,756
618,756
619,756
620,756
621,756
622,756
623,756
624,756
625,756
626,756
627,756
628,756
629,756
630,756
631,756
632,756
633,756
634,756
635,754
