1,779
2,779
3,779
4,779
5,779
6,779
7,779
8,779
9,779
10,779
11,779
12,779
13,779
14,779
15,779
16,779
17,779
18,779
19,779
20,779
21,779
22,779
23,778
24,778
25,778
26,778
27,778
28,778
29,778
30,778
31,775
32,775
33,775
34,775
35,774
36,774
37,774
38,774
39,774
40,774
41,774
42,774
43,771
44,771
45,771
46,771
47,771
48,771
49,771
50,771
51,771
52,771
53,771
54,771
55,770
56,770
57,770
58,770
59,770
60,766
61,766
62,766
63,766
64,766
65,766
66,766
67,766
68,766
69,766
70,766
71,766
72,766
73,766
74,766
75,766
76,766
77,766
78,766
79,766
80,766
81,766
82,766
83,766
84,766
85,766
86,766
87,766
88,766
89,766
90,766
91,766
92,766
93,766
94,766
95,766
96,766
97,766
98,766
99,766
100,766
101,766
102,766
103,766
104,766
105,766
106,766
107,766
108,766
109,766
110,766
111,766
112,766
113,766
114,766
115,766
116,766
117,766
118,766
119,766
120,766
121,766
122,766
123,766
124,766
125,766
126,766
127,766
128,766
129,766
130,766
131,766
132,766
133,766
134,766
135,766
136,766
137,766
138,766
139,766
140,766
141,766
142,766
143,766
144,766
145,766
146,766
147,766
148,766
149,766
150,766
151,766
152,766
153,766
154,766
155,766
156,766
157,766
158,766
159,766
160,766
161,766
162,766
163,766
164,766
165,766
166,766
167,766
168,766
169,766
170,766
171,766
172,766
173,764
174,764
175,764
176,764
177,764
178,763
179,763
180,763
181,763
182,763
183,763
184,763
185,763
186,763
187,763
188,763
189,763
190,763
191,763
192,763
193,763
194,763
195,763
196,763
197,763
198,763
199,763
200,763
201,763
202,763
203,763
204,763
205,763
206,763
207,763
208,763
209,763
210,763
211,763
212,763
213,763
214,763
215,763
216,763
217,763
218,763
219,763
220,763
221,763
222,763
223,763
224,763
225,763
226,763
227,763
228,763
229,763
230,763
231,763
232,763
233,763
234,763
235,763
236,763
237,763
238,763
239,763
240,763
241,763
242,763
243,763
244,763
245,763
246,761
247,761
248,761
249,761
250,761
251,761
252,761
253,761
254,761
255,761
256,761
257,761
258,761
259,761
260,761
261,761
262,761
263,761
264,761
265,761
266,761
267,761
268,761
269,761
270,761
271,761
272,761
273,761
274,761
275,761
276,761
277,761
278,761
279,761
280,761
281,761
282,761
283,761
284,761
285,761
286,761
287,761
288,761
289,761
290,761
291,761
292,761
293,761
294,761
295,761
296,761
297,761
298,761
299,761
300,761
301,761
302,761
303,761
304,761
305,761
306,761
307,761
308,761
309,761
310,761
311,761
312,761
313,761
314,761
315,761
316,761
317,761
318,761
319,761
320,761
321,761
322,761
323,761
324,761
325,761
326,761
327,761
328,761
329,761
330,761
331,761
332,761
333,761
334,761
335,761
336,761
337,761
338,761
339,761
340,761
341,761
342,761
343,761
344,761
345,761
346,761
347,761
348,761
349,761
350,761
351,761
352,761
353,761
354,761
355,761
356,761
357,761
358,761
359,761
360,761
361,761
362,761
363,761
364,761
365,761
366,761
367,761
368,761
369,761
370,760
371,760
372,760
373,760
374,760
375,760
376,760
377,760
378,760
379,760
380,760
381,760
382,760
383,760
384,760
385,760
386,760
387,760
388,760
389,760
390,760
391,760
392,760
393,760
394,760
395,760
396,760
397,760
398,760
399,760
400,760
401,760
402,760
403,760
404,760
405,760
406,760
407,760
408,760
409,760
410,760
411,760
412,760
413,760
414,760
415,760
416,760
417,760
418,760
419,760
420,760
421,760
422,760
423,760
424,760
425,760
426,760
427,760
428,760
429,760
430,760
431,760
432,760
433,760
434,760
435,760
436,760
437,760
438,760
439,760
440,760
441,760
442,760
443,760
444,760
445,760
446,760
447,760
448,760
449,760
450,760
451,760
452,760
453,760
454,760
455,760
456,760
457,760
458,760
459,760
460,760
461,760
462,760
463,760
464,760
465,760
466,760
467,760
468,760
469,760
470,760
471,760
472,760
473,760
474,760
475,760
476,760
477,760
478,760
479,760
480,760
481,760
482,760
483,760
484,760
485,760
486,760
487,760
488,760
489,760
490,760
491,760
492,760
493,760
494,760
495,760
496,760
497,760
498,760
499,760
500,760
501,760
502,760
503,760
504,760
505,760
506,760
507,760
508,760
509,760
510,760
511,760
512,760
513,760
514,760
515,760
516,760
517,760
518,760
519,760
520,760
521,760
522,760
523,760
524,760
525,760
526,760
527,756
528,756
529,756
530,756
531,756
532,756
533,756
534,756
535,756
536,756
537,756
538,756
539,756
540,756
541,756
542,756
543,756
544,756
545,756
546,756
547,756
548,756
549,756
550,756
551,756
552,756
553,756
554,756
555,756
556,756
557,756
558,756
559,756
560,756
561,756
562,756
563,756
564,756
565,756
566,756
567,756
568,756
569,756
570,756
571,756
572,756
573,756
574,756
575,756
576,756
577,756
578,756
579,756
580,756
581,756
582,756
583,756
584,756
585,756
586,756
587,756
588,756
589,756
590,756
591,756
592,756
593,756
594,756
595,756
596,756
597,756
598,756
599,756
600,756
601,756
602,756
603,756
604,756
605,756
606,756
607,756
608,756
609,756
610,756
611,756
612,756
613,756
614,756
615,756
616,756
617,756
618,756
619,756
620,756
621,756
622,756
623,756
624,756
625,756
626,756
627,756
628,756
629,756
630,756
631,756
632,756
633,756
634,756
635,756
636,756
637,756
638,756
639,756
640,756
641,756
642,756
643,756
644,755
645,755
646,755
647,755
648,755
649,755
650,755
651,755
652,755
653,755
654,755
655,755
656,755
657,755
658,755
659,755
660,755
661,755
662,755
663,755
664,755
665,755
666,755
667,755
668,755
669,755
670,755
671,755
672,755
673,755
674,755
675,755
676,755
677,755
678,755
679,755
680,755
681,755
682,755
683,755
684,755
685,755
686,755
687,755
688,755
689,755
690,755
691,755
692,755
693,755
694,755
695,755
696,755
697,755
698,755
699,755
700,755
701,755
702,755
703,755
704,755
705,755
706,755
707,755
708,755
709,755
710,755
711,755
712,755
713,755
714,755
715,755
716,755
717,755
718,755
719,755
720,755
721,755
722,755
723,755
724,755
725,755
726,755
727,755
728,755
729,755
730,755
731,755
732,755
733,755
734,755
735,755
736,755
737,755
738,755
739,755
740,755
741,755
742,755
743,755
744,755
745,755
746,755
747,755
748,755
749,755
750,755
751,755
752,755
753,755
754,755
755,755
756,755
757,755
758,755
759,755
760,755
761,755
762,755
763,755
764,755
765,755
766,755
767,755
768,755
769,755
770,755
771,755
772,755
773,755
774,755
775,755
776,755
777,755
778,755
779,755
780,755
781,755
782,755
783,755
784,755
785,755
786,755
787,755
788,755
789,755
790,755
791,755
792,755
793,755
794,755
795,755
796,755
797,755
798,755
799,755
800,755
801,755
802,755
803,755
804,755
805,755
806,755
807,755
808,755
809,755
810,755
811,755
812,755
813,755
814,755
815,755
816,755
817,755
818,755
819,755
820,755
821,755
822,755
823,755
824,755
825,755
826,755
827,755
828,755
829,755
830,755
831,755
832,755
833,755
834,755
835,755
836,755
837,755
838,755
839,755
840,755
841,755
842,755
843,755
844,755
845,758
846,757
847,757
848,757
849,757
850,757
851,757
852,757
853,757
854,757
855,757
856,757
857,757
858,757
859,757
860,757
861,757
862,757
863,757
864,757
865,757
866,757
867,757
868,757
869,757
870,757
871,757
872,757
873,757
874,757
875,757
876,757
877,757
878,757
879,757
880,757
881,757
882,757
883,757
884,757
885,757
886,757
887,757
888,757
889,757
890,757
891,757
892,757
893,757
894,757
895,757
896,757
897,757
898,757
899,757
900,757
901,757
902,757
903,757
904,757
905,757
906,757
907,757
908,757
909,757
910,757
911,757
912,757
913,757
914,757
915,757
916,757
917,757
918,757
919,757
920,757
921,757
922,757
923,757
924,757
925,757
926,757
927,757
928,757
929,757
930,757
931,757
932,757
933,757
934,757
935,757
936,757
937,757
938,757
939,757
940,757
941,757
942,757
943,757
944,757
945,757
946,757
947,757
948,757
949,757
950,757
951,757
952,757
953,757
954,757
955,757
956,757
957,757
958,757
959,757
960,757
961,757
962,757
963,757
964,757
965,757
966,757
967,757
968,757
969,757
970,757
971,757
972,757
973,757
974,757
975,757
976,757
977,757
978,757
979,757
980,757
981,757
982,757
983,757
984,757
985,757
986,757
987,757
988,757
989,757
990,757
991,757
992,757
993,757
994,757
995,757
996,757
997,757
998,757
999,757
1000,757
