1,779
2,779
3,779
4,779
5,779
6,776
7,776
8,776
9,776
10,776
11,776
12,776
13,771
14,771
15,771
16,770
17,770
18,769
19,769
20,769
21,769
22,769
23,769
24,769
25,769
26,769
27,769
28,769
29,769
30,769
31,769
32,769
33,769
34,769
35,769
36,769
37,769
38,769
39,769
40,769
41,769
42,769
43,769
44,769
45,768
46,768
47,766
48,766
49,766
50,766
51,766
52,766
53,766
54,766
55,766
56,766
57,766
58,766
59,766
60,766
61,766
62,766
63,766
64,766
65,766
66,766
67,766
68,766
69,766
70,766
71,766
72,766
73,766
74,766
75,766
76,766
77,762
78,761
79,761
80,761
81,761
82,761
83,761
84,761
85,761
86,761
87,761
88,761
89,761
90,761
91,761
92,761
93,761
94,761
95,761
96,761
97,761
98,761
99,761
100,761
101,761
102,761
103,761
104,761
105,761
106,761
107,761
108,761
109,761
110,761
111,761
112,761
113,761
114,761
115,761
116,761
117,761
118,761
119,761
120,761
121,761
122,761
123,761
124,761
125,761
126,761
127,761
128,761
129,761
130,761
131,761
132,761
133,761
134,761
135,761
136,761
137,761
138,761
139,761
140,761
141,761
142,761
143,757
144,757
145,757
146,757
147,757
148,757
149,757
150,757
151,757
152,757
153,757
154,757
155,757
156,757
157,757
158,757
159,757
160,757
161,757
162,757
163,757
164,757
165,757
166,757
167,757
168,757
169,757
170,757
171,757
172,757
173,757
174,757
175,757
176,757
177,757
178,757
179,757
180,757
181,757
182,757
183,757
184,757
185,757
186,757
187,757
188,757
189,757
190,757
191,757
192,757
193,757
194,763
195,763
196,763
197,763
198,763
199,763
200,763
201,763
202,761
203,761
204,761
205,761
206,761
207,761
208,761
209,761
210,761
211,761
212,761
213,761
214,761
215,761
216,761
217,761
218,761
219,761
220,761
221,761
222,761
223,761
224,761
225,761
226,761
227,761
228,761
229,761
230,761
231,761
232,761
233,761
234,761
235,761
236,761
237,761
238,761
239,761
240,761
241,761
242,761
243,761
244,761
245,761
246,761
247,761
248,761
249,761
250,761
251,761
252,761
253,764
254,764
255,764
256,764
257,764
258,764
259,764
260,764
261,764
262,764
263,764
264,764
265,764
266,764
267,764
268,764
269,764
270,764
271,764
272,764
273,764
274,764
275,764
276,764
277,764
278,764
279,764
280,764
281,764
282,764
283,764
284,764
285,764
286,764
287,764
288,764
289,764
290,764
291,764
292,764
293,764
294,764
295,764
296,764
297,764
298,764
299,764
300,764
301,764
302,764
303,764
304,776
305,772
306,770
307,770
308,770
309,767
310,767
311,767
312,767
313,767
314,767
315,767
316,767
317,767
318,767
319,767
320,767
321,767
322,767
323,767
324,767
325,767
326,767
327,767
328,767
329,767
330,767
331,767
332,767
333,767
334,767
335,767
336,767
337,767
338,767
339,767
340,767
341,767
342,767
343,767
344,767
345,767
346,767
347,767
348,767
349,767
350,767
351,767
352,767
353,767
354,767
355,767
356,767
357,767
358,767
359,767
360,778
361,778
362,778
363,778
364,778
365,778
366,778
367,778
368,778
369,778
370,778
371,778
372,778
373,778
374,778
375,778
376,778
377,778
378,778
379,778
380,778
381,778
382,778
383,778
384,778
385,778
386,778
387,778
388,778
389,778
390,778
391,778
392,778
393,778
394,778
395,772
396,772
397,772
398,772
399,772
400,772
401,772
402,772
403,772
404,771
405,771
406,771
407,771
408,771
409,771
410,771
411,771
412,771
413,771
414,771
415,771
416,770
417,770
418,770
419,770
420,770
421,770
422,770
423,770
424,770
425,770
426,770
427,770
428,770
429,770
430,770
431,770
432,770
433,770
434,770
435,770
436,770
437,770
438,770
439,770
440,770
441,770
442,770
443,770
444,770
445,770
446,770
447,770
448,770
449,770
450,770
451,770
452,770
453,770
454,770
455,770
456,770
457,770
458,770
459,770
460,770
461,770
462,770
463,770
464,770
465,770
466,770
467,777
468,777
469,777
470,777
471,777
472,777
473,777
474,777
475,777
476,777
477,777
478,777
479,777
480,774
481,774
482,774
483,774
484,774
485,774
486,774
487,774
488,774
489,774
490,774
491,774
492,774
493,774
494,774
495,774
496,774
497,774
498,774
499,774
500,774
501,774
502,774
503,774
504,774
505,774
506,774
507,765
508,765
509,765
510,763
511,759
512,759
513,759
514,759
515,759
516,759
517,759
518,759
519,759
520,759
521,759
522,759
523,759
524,759
525,759
526,759
527,759
528,759
529,759
530,759
531,759
532,759
533,759
534,759
535,759
536,759
537,759
538,759
539,759
540,759
541,759
542,759
543,759
544,759
545,759
546,759
547,759
548,759
549,759
550,759
551,759
552,759
553,759
554,759
555,759
556,759
557,759
558,759
559,759
560,759
561,759
562,763
563,763
564,763
565,763
566,763
567,763
568,763
569,763
570,763
571,763
572,763
573,763
574,763
575,763
576,763
577,763
578,763
579,763
580,759
581,759
582,759
583,759
584,759
585,759
586,759
587,759
588,759
589,759
590,759
591,759
592,759
593,759
594,759
595,759
596,759
597,759
598,759
599,759
600,759
601,759
602,759
603,759
604,759
605,759
606,759
607,759
608,759
609,759
610,759
611,759
612,759
613,759
614,759
615,759
616,759
617,759
618,759
619,759
620,759
621,759
622,759
623,759
624,759
625,759
626,759
627,759
628,759
629,759
630,759
631,761
632,761
633,761
634,761
635,761
636,761
637,761
638,761
639,761
640,761
641,761
642,761
643,761
644,761
645,761
646,761
647,761
648,761
649,761
650,761
651,761
652,761
653,761
654,761
655,760
656,760
657,760
658,760
659,760
660,760
661,760
662,760
663,760
664,760
665,760
666,760
667,760
668,760
669,760
670,760
671,760
672,760
673,760
674,760
675,760
676,760
677,760
678,760
679,760
680,760
681,760
682,760
683,760
684,760
685,760
686,760
687,760
688,760
689,760
690,760
691,760
692,760
693,760
694,760
695,760
696,760
697,760
698,760
699,760
700,760
701,760
702,760
703,760
704,760
705,760
706,774
707,774
708,772
709,772
710,772
711,772
712,772
713,772
714,772
715,772
716,772
717,772
718,772
719,771
720,771
721,769
722,768
723,768
724,768
725,768
726,766
727,766
728,766
729,766
730,766
731,766
732,766
733,766
734,766
735,766
736,766
737,766
738,766
739,766
740,766
741,766
742,766
743,766
744,766
745,766
746,766
747,766
748,766
749,766
750,766
751,766
752,766
753,766
754,766
755,766
756,766
757,766
758,766
759,766
760,766
761,766
762,766
763,766
764,766
765,766
766,766
767,766
768,766
769,766
770,766
771,766
772,766
773,766
774,766
775,766
776,766
777,768
778,768
779,768
780,768
781,768
782,768
783,768
784,768
785,766
786,766
787,766
788,766
789,766
790,766
791,766
792,766
793,766
794,766
795,766
796,766
797,766
798,766
799,766
800,766
801,766
802,766
803,766
804,766
805,766
806,766
807,766
808,766
809,766
810,766
811,766
812,766
813,766
814,766
815,766
816,766
817,766
818,766
819,766
820,766
821,766
822,766
823,766
824,766
825,766
826,766
827,766
828,766
829,766
830,766
831,766
832,766
833,766
834,766
835,766
836,776
837,776
838,776
839,774
840,774
841,774
842,774
843,774
844,774
845,774
846,774
847,774
848,774
849,774
850,774
851,774
852,774
853,774
854,774
855,774
856,774
857,774
858,774
859,774
860,774
861,774
862,774
863,774
864,774
865,774
866,774
867,774
868,774
869,774
870,774
871,774
872,774
873,774
874,774
875,774
876,774
877,774
878,774
879,774
880,774
881,774
882,774
883,774
884,774
885,774
886,774
887,774
888,774
889,774
890,777
891,777
892,777
893,777
894,777
895,777
896,777
897,777
898,777
899,777
900,777
901,777
902,777
903,777
904,777
905,777
906,777
907,777
908,777
909,777
910,777
911,777
912,777
913,777
914,777
915,777
916,777
917,777
918,777
919,777
920,777
921,775
922,775
923,775
924,775
925,775
926,775
927,775
928,775
929,775
930,775
931,775
932,775
933,775
934,775
935,775
936,775
937,775
938,775
939,775
940,775
941,775
942,775
943,775
944,775
945,775
946,775
947,775
948,767
949,767
950,767
951,767
952,767
953,767
954,767
955,767
956,767
957,767
958,767
959,767
960,767
961,767
962,767
963,767
964,767
965,767
966,767
967,767
968,767
969,767
970,767
971,767
972,767
973,767
974,767
975,767
976,767
977,767
978,767
979,767
980,767
981,767
982,767
983,767
984,767
985,767
986,767
987,767
988,767
989,767
990,767
991,767
992,767
993,767
994,767
995,767
996,767
997,767
998,767
999,781
1000,781
