1,779
2,777
3,777
4,777
5,777
6,777
7,777
8,777
9,777
10,777
11,777
12,777
13,776
14,776
15,776
16,775
17,775
18,775
19,769
20,769
21,769
22,768
23,768
24,768
25,768
26,768
27,768
28,767
29,767
30,766
31,766
32,766
33,766
34,766
35,766
36,766
37,766
38,766
39,766
40,766
41,766
42,764
43,764
44,764
45,764
46,764
47,764
48,764
49,764
50,764
51,764
52,764
53,764
54,764
55,764
56,764
57,764
58,764
59,764
60,764
61,764
62,764
63,764
64,764
65,764
66,764
67,764
68,776
69,776
70,776
71,776
72,776
73,776
74,776
75,776
76,776
77,776
78,776
79,775
80,775
81,775
82,775
83,775
84,775
85,775
86,775
87,775
88,775
89,775
90,775
91,775
92,775
93,775
94,775
95,775
96,775
97,775
98,775
99,775
100,775
101,775
102,775
103,775
104,775
105,805
106,805
107,805
108,805
109,805
110,805
111,805
112,805
113,805
114,805
115,805
116,805
117,805
118,805
119,805
120,805
121,805
122,775
123,775
124,775
125,775
126,775
127,775
128,775
129,775
130,773
131,773
132,772
133,772
134,772
135,772
136,772
137,772
138,772
139,772
140,772
141,772
142,772
143,772
144,772
145,772
146,772
147,772
148,772
149,772
150,772
151,772
152,772
153,772
154,772
155,772
156,772
157,772
158,792
159,792
160,792
161,792
162,792
163,792
164,792
165,792
166,790
167,790
168,790
169,790
170,790
171,790
172,790
173,790
174,790
175,790
176,790
177,790
178,790
179,790
180,790
181,790
182,772
183,772
184,772
185,772
186,772
187,772
188,772
189,772
190,772
191,772
192,772
193,772
194,772
195,772
196,772
197,772
198,772
199,772
200,772
201,772
202,772
203,772
204,772
205,772
206,772
207,772
208,786
209,786
210,786
211,786
212,786
213,786
214,786
215,786
216,786
217,786
218,786
219,786
220,786
221,786
222,786
223,786
224,782
225,782
226,782
227,782
228,782
229,782
230,782
231,782
232,781
233,781
234,781
235,781
236,781
237,781
238,781
239,781
240,781
241,781
242,781
243,781
244,781
245,781
246,781
247,781
248,781
249,781
250,781
251,781
252,781
253,781
254,781
255,781
256,781
257,781
258,806
259,806
260,806
261,806
262,806
263,806
264,806
265,806
266,806
267,806
268,806
269,806
270,806
271,800
272,800
273,800
274,800
275,800
276,800
277,800
278,799
279,799
280,799
281,799
282,799
283,798
284,798
285,798
286,798
287,798
288,798
289,798
290,798
291,798
292,798
293,798
294,798
295,798
296,798
297,798
298,798
299,798
300,798
301,798
302,798
303,798
304,798
305,793
306,787
307,787
308,787
309,787
310,787
311,787
312,787
313,787
314,787
315,787
316,787
317,787
318,787
319,787
320,787
321,787
322,787
323,787
324,787
325,787
326,787
327,787
328,787
329,786
330,786
331,786
332,786
333,786
334,786
335,786
336,786
337,786
338,786
339,786
340,786
341,786
342,786
343,786
344,786
345,779
346,779
347,779
348,779
349,779
350,779
351,779
352,779
353,779
354,779
355,779
356,779
357,779
358,779
359,779
360,779
361,779
362,779
363,779
364,779
365,779
366,779
367,779
368,779
369,779
370,779
371,802
372,802
373,802
374,802
375,794
376,794
377,794
378,794
379,794
380,794
381,794
382,793
383,793
384,793
385,793
386,793
387,793
388,793
389,793
390,793
391,793
392,793
393,793
394,793
395,793
396,793
397,793
398,793
399,793
400,793
401,793
402,793
403,793
404,793
405,793
406,789
407,789
408,789
409,788
410,788
411,786
412,786
413,786
414,786
415,786
416,786
417,776
418,776
419,776
420,776
421,776
422,776
423,776
424,776
425,776
426,776
427,776
428,776
429,776
430,776
431,776
432,776
433,776
434,776
435,776
436,767
437,767
438,767
439,767
440,767
441,767
442,767
443,767
444,767
445,767
446,767
447,767
448,767
449,767
450,767
451,767
452,767
453,767
454,767
455,767
456,767
457,767
458,767
459,767
460,767
461,767
462,772
463,772
464,772
465,772
466,771
467,771
468,771
469,771
470,771
471,771
472,771
473,771
474,771
475,771
476,771
477,771
478,771
479,771
480,771
481,771
482,771
483,771
484,771
485,771
486,771
487,771
488,771
489,771
490,771
491,771
492,781
493,781
494,781
495,781
496,781
497,781
498,781
499,781
500,781
501,781
502,781
503,781
504,781
505,781
506,781
507,774
508,774
509,774
510,774
511,774
512,774
513,774
514,774
515,774
516,774
517,774
518,774
519,774
520,774
521,774
522,774
523,774
524,774
525,774
526,774
527,774
528,774
529,774
530,774
531,774
532,774
533,783
534,783
535,783
536,781
537,781
538,781
539,781
540,779
541,779
542,779
543,779
544,779
545,779
546,779
547,779
548,779
549,779
550,779
551,779
552,779
553,779
554,779
555,779
556,779
557,779
558,779
559,779
560,779
561,779
562,779
563,778
564,778
565,778
566,778
567,778
568,778
569,778
570,778
571,778
572,778
573,778
574,778
575,778
576,778
577,778
578,778
579,778
580,778
581,778
582,778
583,778
584,778
585,771
586,771
587,771
588,771
589,771
590,771
591,771
592,771
593,771
594,771
595,771
596,771
597,771
598,771
599,771
600,771
601,771
602,771
603,771
604,771
605,771
606,771
607,771
608,771
609,771
610,771
611,772
612,772
613,764
614,764
615,764
616,764
617,764
618,764
619,764
620,764
621,764
622,764
623,764
624,764
625,764
626,764
627,764
628,764
629,764
630,764
631,764
632,764
633,764
634,764
635,764
636,764
637,764
638,764
639,775
640,774
641,774
642,774
643,763
644,763
645,763
646,763
647,763
648,763
649,763
650,763
651,763
652,763
653,763
654,763
655,763
656,763
657,763
658,763
659,763
660,763
661,763
662,759
663,759
664,759
665,759
666,759
667,759
668,759
669,758
670,758
671,758
672,758
673,758
674,758
675,758
676,758
677,758
678,758
679,758
680,758
681,758
682,758
683,758
684,758
685,758
686,758
687,758
688,758
689,758
690,758
691,758
692,758
693,758
694,758
695,763
696,763
697,763
698,763
699,763
700,763
701,763
702,761
703,761
704,761
705,761
706,761
707,761
708,761
709,761
710,761
711,761
712,761
713,761
714,761
715,761
716,761
717,761
718,761
719,761
720,761
721,761
722,761
723,761
724,761
725,761
726,761
727,761
728,761
729,761
730,761
731,761
732,761
733,761
734,761
735,761
736,761
737,761
738,761
739,761
740,761
741,761
742,761
743,761
744,761
745,761
746,761
747,761
748,760
749,760
750,760
751,760
752,760
753,760
754,755
755,755
756,755
757,755
758,755
759,755
760,755
761,755
762,755
763,755
764,755
765,755
766,755
767,755
768,755
769,755
770,755
771,755
772,755
773,755
774,755
775,755
776,755
777,755
778,755
779,755
780,765
781,765
782,765
783,765
784,765
785,765
786,765
787,765
788,765
789,765
790,765
791,765
792,765
793,765
794,764
795,764
796,764
797,764
798,764
799,764
800,764
801,764
802,764
803,764
804,764
805,764
806,764
807,764
808,764
809,764
810,764
811,764
812,764
813,764
814,764
815,764
816,764
817,764
818,764
819,764
820,764
821,764
822,764
823,764
824,764
825,764
826,764
827,764
828,764
829,763
830,763
831,763
832,763
833,763
834,763
835,763
836,763
837,763
838,763
839,763
840,763
841,763
842,763
843,763
844,763
845,763
846,763
847,763
848,763
849,763
850,763
851,763
852,763
853,763
854,763
855,776
856,773
857,773
858,773
859,769
860,769
861,769
862,769
863,769
864,769
865,769
866,769
867,769
868,769
869,769
870,769
871,769
872,769
873,769
874,769
875,769
876,769
877,769
878,769
879,769
880,769
881,769
882,769
883,769
884,769
885,790
886,790
887,790
888,790
889,787
890,787
891,787
892,782
893,781
894,781
895,781
896,779
897,779
898,779
899,779
900,779
901,779
902,779
903,779
904,779
905,779
906,777
907,777
908,777
909,777
910,777
911,777
912,777
913,777
914,777
915,777
916,777
917,777
918,777
919,777
920,777
921,777
922,777
923,777
924,777
925,777
926,777
927,777
928,777
929,777
930,777
931,777
932,787
933,787
934,787
935,787
936,787
937,787
938,787
939,787
940,787
941,787
942,787
943,787
944,787
945,787
946,787
947,787
948,787
949,787
950,787
951,787
952,787
953,785
954,785
955,785
956,785
957,785
958,785
959,785
960,785
961,784
962,784
963,784
964,784
965,784
966,784
967,784
968,784
969,784
970,784
971,784
972,784
973,784
974,784
975,784
976,784
977,784
978,784
979,784
980,784
981,784
982,784
983,784
984,784
985,784
986,784
987,788
988,788
989,788
990,788
991,788
992,788
993,788
994,788
995,788
996,788
997,788
998,788
999,788
1000,788
